L set:
[0.8774520488929127, 0.2712959760355682, 0.24499343325119494, -0.48153946267619485, 0.27137291500392013, 0.44940302917710895]
[1.1431554503647856, -0.09356450859401289, -0.7025863055098003, 0.2910458469092214, 0.7277583755156414, -1.033273082480135]
[1.318427734375005, 0.4697057071865185, -0.8611017601265702, -0.7070073679260047, 0.9732559991221024, -1.0280400622231012]
[0.9826189736429125, 0.2883373619853469, -0.7318617514121772, 0.0749191214030498, -0.10744177031843938, -1.1185942761291812]
[1.4163068139428692, 0.4450059486112101, -0.6738852740077128, -1.6311343732186012, -0.28666394532596007, 0.3041730048622071]
[0.9230262955211677, -0.15642890199906168, -0.03393603548853541, -0.29611670249253264, 0.728015887928346, 0.23795756598035123]
[0.728015887928346, 0.23795756598035123, -0.13162540079123541, -0.7295010384272715, 0.7103263965952067, -0.1799981253660432]
[0.8083930084762159, -0.12813914098062096, -0.8522713388617542, -0.5751429642049, -0.0575971686107013, -1.3051599162302363]
[2.1243582048688037, -0.2847348033041208, -0.30101122871928343, -0.11488354742312801, 0.1395267405119638, 1.1187884856265207]
[1.1187884856265207, -0.13719354201110479, -0.11233244539322618, -0.04073081786574173, 0.25857895854901614, -0.4041588908596627]
[1.070454010972277, 0.09874033875170163, -0.13998945800658413, -0.9692252475283936, 0.09049211751455122, 0.27464933033540806]
[1.2723449361433659, -0.5029364468755904, 0.04171911925137106, 0.03191983633263895, 0.26092888546853654, 0.10595954650476358]
[0.902201885530407, -0.20928341539160344, -0.5088608574598585, 0.2272235813280954, 0.32335758249735225, 0.7262655787276584]
[1.545898305730753, -0.5197627679958794, 0.26055844580445964, -0.6392298992729195, -0.30732504474006994, -0.662117309474386]
[1.0591521893056122, -0.3382053622744352, -0.8488158059414386, -0.3654285348958619, -0.2538536346365583, -0.11442046788493476]
[0.45555541000119604, 0.26002017105744013, -0.8005646485218731, -0.4112771095255652, 0.7577130198546334, -0.23814412737526158]
[1.149483950249297, 0.3619056671693155, 0.16751263940757433, -0.3052979246281451, 0.11494239220704028, -0.5210549818735699]
[1.1570227896887886, 0.40498237038921747, -0.15333128827447196, -0.12104106498399547, 0.21909541006697175, 0.06440998651415786]
[1.2077844399297488, 0.3446568406713979, -0.04885152778492108, -0.5506381447216269, -0.3364818300385708, -0.1772292101082762]
[1.3316057332346531, -0.3444856826994469, -0.6675210138952781, -0.5321302911396097, 0.35963866842283476, -0.07571959132431916]
[0.6568675685590941, -0.05077524577608017, -0.22855420259987325, -0.47603532243815083, 1.066500603672882, -0.6919556135985605]
[1.2015832754897149, -0.058557711501217025, 0.20954653885565389, -0.05863874679141734, 0.3928511197158313, -0.058820611027832204]
[0.9992424375010911, 0.057817084725741985, -0.24873007531966973, -1.0487017792820463, 0.3112966006218798, -0.1928409183361568]
[0.8607720195024537, 0.14021247869520082, -0.23839902082554154, -0.4516314745973471, -0.23916677964370692, -0.8859292995495816]
[0.9967352273826391, 0.2285588270126926, -0.6021567047097998, -0.974850569175234, 0.14049877409767486, 0.2976206001209958]
[1.172707249063043, 0.9225829403872954, 0.089124626707493, -0.5576067298419973, 0.2591620967879349, 0.3890230077362222]
[0.9225829403872954, 0.089124626707493, -0.5576067298419973, 0.2591620967879349, 0.3890230077362222, 0.3231428618990062]
[0.9395545578355424, 0.14080758404435567, -0.08569372103052197, -0.4380540628002083, 0.32961862535274555, 0.3757493058854866]
[0.8458852405854866, -0.6370830343066736, -0.5306335211664459, -0.01654399658552741, 0.5346675160532, 0.407116026156884]
[0.7336367134044952, 0.14847737242711379, -0.4295073545614092, -0.45545443491437076, 0.14992568549470064, -0.01905510330567628]
[0.7020774258834184, -0.08705342518078307, -0.5158495245969452, 0.06405451396263029, 0.4541788938419833, 0.6182011456918435]
[0.6790548001955887, -0.037341749926067536, -0.12786214915678773, -0.24314528284188341, -0.0039836426607986475, 0.813018488606776]
[0.7712955832033241, -0.15163965795870205, -0.023738720040034078, -0.35601163527727575, -0.00787651869127437, -0.19796303352982436]
[0.4238015577183951, -0.3301196543191831, -0.4386639945334392, -0.34687803321361566, 0.25598190136775223, 0.06079377135401742]
[0.4401819348789582, -0.031241658669367567, -0.42263130381611225, -0.2469989049142085, 0.40250418368732443, 0.3008331994399427]
[0.730834367401334, -0.16879097974569213, 0.023146629739478897, -0.11830680477765698, 0.22761938490345468, -0.0435995433111791]
[0.7974141362137255, -0.20215122666684682, -0.5901475109191479, -0.3680035998447684, 0.24877546249619797, -0.014134680907051944]
[1.1184093545808516, 0.16790342611554543, -0.013374777224106627, -0.37001813178718646, 0.24926747626847767, 0.02077620913560896]
[0.6622676392297633, 0.19019965901601044, 0.06787976549951225, -0.4874801299957765, 0.1498748232928282, -0.27849871218103006]
[1.1313356253512152, 0.47804598768090845, -0.7127514448591499, -1.1966870770532156, -0.30023385725221896, 0.10174394116202468]
[1.0382829649592695, -0.3639071823290485, 0.0508691719314891, -0.484147362367493, 0.2140518685123327, -0.01268335797578457]
[1.0626094070261383, 0.24752815353792368, -0.34739658615816627, -0.3564447319584385, 0.17789644746268873, -0.19298694200911015]
[1.3197457315293093, -0.5853859609459389, 0.28331351920434233, -1.0218837172176642, 0.7100774637195162, -0.34097187960989706]
[1.70625680011125, 0.16457648686030169, -0.6180036581786674, -0.9573042176643232, -0.19611446807259458, -0.689589098276]
[1.8439943205017517, -0.36013556913855327, 0.40526162927632114, -0.4130962447678077, 0.34908450850641426, -0.9829394835152883]
[0.6973524131129727, 0.028008075860519455, -0.09235821711534031, -1.144061913016814, 0.7021264055022902, 1.6224054502445018]
[0.7574898331708768, -0.09371120792588394, 0.052558397543145396, -0.30025625122672706, 0.3439345377172387, 0.24646233072018742]
[0.3439345377172387, 0.24646233072018742, -0.7087187102710168, -0.9291636978962403, 0.5014151956499902, 1.2434837519200714]
[0.47343104567301175, 0.4139981586665842, -0.4830356342116038, -0.7109444565832734, 0.4192956272912607, 0.6271630974988174]
[0.9601190527528836, -0.09047079899036081, -0.12047961729437784, -0.9109830621398363, 0.4367842952589296, -0.12403565866511146]
[1.2009441265369736, 0.3025908354000739, 0.22892980111590688, -0.00874777698139928, 0.43343712483980834, 0.1892601538259875]
[1.0715652506697149, -0.12140928176935795, -0.03896022716699532, -0.8483258194880827, 0.35035372775997775, 0.5019630996593305]
[0.9330500062421532, -0.2090518797932206, -0.5199064303641587, -0.34223820071527244, -0.2339695125336494, 1.2059972724693058]
[1.1409442866133768, -0.0693887972071483, -0.577601759782731, 0.11918249480227239, -0.05279544765574018, 0.7020008225574248]
[0.6677919860952342, -0.22119285180337567, -0.9053191993373622, -0.5658472428727301, 0.2224981702858564, -0.729970876554642]
[1.4373074160342503, -0.598973279688364, 0.11304190232845901, -0.44650561937387145, 0.04895829151154718, -0.5683161874855069]
[0.5695778466305201, 0.08798645515002423, -0.6207312163902245, -0.332654692465717, 0.3584904670903333, 0.14927452927140372]
[1.0501187338783025, 0.3729473352690693, 0.0, -0.5065806813564055, 0.17662053302707204, 0.7918310492731395]
[0.8463832043246633, -0.08705001139088786, -1.399233113035503, -0.3638172736252221, 0.12504930841761297, 0.2575482285698705]
[0.6658382696715925, 0.22804453286227044, -0.19130458788482185, -0.4725278871785976, 0.03058724333542262, -0.7259462146398166]
[0.965660481693531, 0.4127585226618935, -0.04195134410861501, -0.7247911631323212, 1.0664998089280786, 0.9806002837151162]
[0.9806002837151162, 0.32842324873181283, -0.3442941303724467, -0.43869291907944197, 0.4676775171681413, -1.0295097356387783]
[1.1193639842106196, -0.16747813358569674, 0.26636854570667445, -0.2368557922658665, -0.069278252348981, -0.13259797200186885]
[1.227881908696049, 0.2823684983234376, 0.01454592630523166, 0.15017139749970987, 0.7476133137329866, 0.6266704509457544]
[0.7063945406510452, -0.5724005016104261, -0.5907908920594562, -1.261259470799736, 0.5882030521516812, 0.22975448782387442]
[0.3926178098914601, -0.4680786833055173, -0.3096585777458083, -0.6915550636820811, 1.0265083247285478, 0.2871653858797396]
[1.898855271265032, -0.5408117485858344, -0.24150401570632862, -0.07902214443240574, 0.43227923753690334, 0.6849538018910195]
[1.1507288806992477, -0.27932347426847803, 0.21644432039820138, -0.726243021461781, 0.31324456960910574, -0.0574424186211453]
[1.3001101169173301, -1.1812140516847314, -0.8590507978237794, -0.48925926063213554, 0.12650816014883048, 0.5344381547830679]
[0.899395646136325, 0.17102949416396562, -0.35559391424619946, -0.24096751589097742, 0.18911661781799705, -0.061666638224289194]
[0.8891116501639207, -0.9543391611500973, -1.0467229583509652, -0.9041076492530387, 0.7537788594455419, -0.18872375120041474]
[0.711179590007216, -0.2496058497704956, -0.07614170360326078, -0.041982042800980945, 0.9671372301909287, 0.0]
[0.9981276120718974, 0.4637719211751046, 0.21353964815837845, -0.45265654929880217, -0.02249883716285428, 0.5657442387869693]
[0.7289778352069343, -0.013013031438324774, -0.298477744270631, -0.9129405401323676, 0.0, 0.5819996825641605]
[1.0748472596358472, 0.06558936528284764, -0.36072318044964025, -0.3568116519190201, 0.3659618664769271, -0.7394883668624064]
[0.788580022138019, -0.22219627586446133, -0.816685997996891, -0.44268600237713507, 0.2497140088773886, 0.5790801424804259]
[1.6724124674715624, 0.6694337829785013, 0.11906639669005958, -0.5190328685470202, -0.13290073935161573, 0.6151329780411663]
[0.6694337829785013, 0.11906639669005958, -0.5190328685470202, -0.13290073935161573, 0.6151329780411663, -0.39294095161617193]
[0.6462528169536297, 0.0983182778474534, -0.029742933703647, -0.6770005262784595, 0.7898152958937699, 0.7421950884920259]
[1.1629591329570754, -0.16265599153285626, 0.0, 0.0, 0.8737497979601105, 0.212546290077964]
[1.2359990858002767, 0.08255517841790905, 0.002712869297050169, -0.2632292609190734, -0.20073800868354308, 0.3352274456808413]
[1.0841758026235437, -0.008211981638250876, -0.09708874841736215, -0.14337733074246684, 0.025954450245380123, -0.7308213826632604]
[0.9385324560075681, 0.11242388879511012, 0.001382891230461425, -0.1496679904446241, 0.3350964571130266, -0.2814651551624858]
[0.6780559198632075, 0.058941845029081286, 0.03386898226702684, -1.355060805265318, 0.4699682966228469, 0.3819093550150088]
[1.3237203319521829, 0.9027745228146644, -0.2561562865863509, -0.3288985702471603, 0.33335193782932926, 1.3870673307220915]
[1.3870673307220915, -0.8334004280467489, -0.4701511718801732, -0.4435549656303772, 0.6912466303839127, 1.1498061400544657]
[1.5556452963885192, 0.1604434211064376, 0.11425006003165095, -0.630603696153964, -0.1840005039598802, 0.5085862983867706]
[1.0724127396218863, -0.21689777491131768, -0.7403244401325337, -0.40802687273058247, 0.27202083408026656, -0.1183181156478863]
[1.0770364510168218, 0.0, -0.6090043305764126, -0.13515696186234827, -0.4257874291125452, 0.7904936297541187]
[0.6255229025333708, 0.47078160832891847, -0.3211408739718591, -0.31674617914708714, 0.179546903442529, 0.9645239428679675]
[0.9645239428679675, -0.9553097515853759, -0.8952704396805733, -0.6272076232996082, 0.6221512160082154, -0.09837218221332433]
[1.3635580932217062, 0.13785581885210618, -0.7589664336749347, -0.12904642443474224, 0.3875405701209811, -0.24866815033844913]
[1.7237219645811042, -0.0938131821970778, -0.5906269513841766, 0.0633199678128138, 0.9895143372377291, 0.8828060656284942]
[0.47026748682865716, -0.5013368912790028, -0.707959052803131, -0.4525922593986209, 0.3436451413574071, -0.7414140193630736]
[0.8938935171528106, -0.11692748882591308, -1.0829519600935922, -0.9064387457410228, 0.29886884988181706, -0.42248098493339326]
[1.5196821937547567, -0.456882844061024, -0.6359652624358891, -0.38345156784235224, 0.7770626820114312, 1.0001377034091208]
[0.6115228463020372, -0.4271977702834273, -0.16232376737422838, -0.6346313119163116, 0.11398418605110816, 0.2879003032955296]
[1.0535499846702434, -0.3882557517749352, -0.08561622611157338, -0.21516004262147614, 0.29407277054998016, 1.0551025943817516]
[1.1822479042923772, 0.3426324693639682, -0.2943527856582695, -0.04939042056649745, 0.6963149706164407, -0.2060828622453159]
[0.8499797741160053, -0.1491319722426332, -0.340945770368839, -0.3745114475203981, -0.14784487785168832, -0.05324023584489801]
[0.46158615149842763, -0.17937266377164862, -0.3095828075526108, -0.4206650450045868, 0.3831842803289742, 0.6431314550834344]
[0.869828494294711, 0.4555875441164092, -0.3666275551012843, 0.048907188086610986, 0.7165828262951202, -0.3354691317881242]
[1.268090306259384, 0.1004992546837169, 0.05506166238591348, -0.6434367134864782, 0.14291962983425943, -0.23170401538556984]
[0.618773816902829, -0.1538519111736525, -0.599894575432236, -0.5869543380414122, -0.30901611562736964, 0.2733375600668442]
[1.096731430075737, -0.13072429264124885, -0.38714957745442646, 0.07983624272775991, -0.034033041290837396, 0.660437339400155]
[0.6118271224082594, -0.18095565656849333, -0.4774818788897739, 0.033192898229006396, 0.3902567768893972, -0.3225838124784053]
[0.48636858782689085, -0.26000394900196344, -0.55662873149811, -0.3435626004638537, 0.22477158098970218, 0.7189162495073509]
[1.2472721027119826, 0.6244646858903913, 0.023310480835259106, -0.7115374172313782, 0.43194853718868664, 0.15442078323903985]
[0.6493896155060463, -0.016138874583759844, -0.8700747242001095, 0.017222754338819257, 0.25049078334542507, 0.42754488032974436]
[0.42754488032974436, -0.13490517486015596, -0.5366700104590616, -0.2308799625633573, 0.4564607286908773, -0.6885565378181635]
[0.8346521319475997, -0.39829287741676156, -0.786628053268501, -0.06028120966424799, 0.09235128642599566, -0.17455142626162656]
[0.5934897250166937, 0.2904428052437735, -0.17539073934901284, -0.9243950202825535, -0.033087668404485626, -0.18400451940926432]
[1.1083886334456894, 0.2221677519788967, -0.210032824127937, 0.2737951201332356, 0.21927346739081255, 0.5055982908025003]
[0.47928074505709795, 0.35458973772093394, -0.4485290687215593, -0.7435424282503988, -0.0057833382129168776, 0.9996784442930728]
[0.9996784442930728, -0.3120034991428211, 0.14690584867949052, 0.02681876303234354, 0.2877209846501527, 0.48184545944613966]
[0.38869294031267376, 0.06734641857293333, -0.7478994461084021, -1.1212409102833498, 0.06842021899073902, -0.4980806300560192]
[1.2222036561796434, -0.32724860429519387, -0.023529143961464882, -0.15326269737026, 0.1905377916114892, 0.0875098419323983]
[1.4448797785124645, 0.10486546000194608, -0.7146411649794571, -0.4859278542138523, -0.6800472200027663, -0.2643829786644458]
[0.9136542940247905, 0.2895980281716115, -0.5434121121245528, -0.255872164999138, 0.0336847087887282, 0.19007239932979925]
[0.48559695029375405, 0.030874603725705718, -0.7894332439634888, -0.38148260412613766, -0.010562276706871376, 0.48790684550490404]
[0.8342792041090119, 0.17430930674864342, -0.13234919979409066, -0.6361980408355561, -0.06393457221240961, -0.0449761481427946]
[0.503413381222062, -0.3011437674806938, -0.20273558871979347, -0.2023177780549945, 0.6818129005479179, -0.5387043935496605]
[0.6335809454036445, -0.10708288987623105, 0.04453360191536415, -0.19103788602828908, 0.6250504777101318, -0.06766122021124588]
[0.8495398926473774, -0.24767285752496093, 0.02938764513154002, -0.5434086426121532, -0.010027452124083958, 0.6050930549080791]
[0.46301331645948185, 0.21062849877842016, -0.06526261676987888, -0.7571489140241527, 0.49226055054825135, -0.1818965027435615]
[1.201888537307716, 0.16954011306149486, -0.10641802908315512, -0.1895917178453499, 0.0022753724643775897, -0.05249937193843035]
[1.611238118156666, -0.5407776023448663, -0.743389608975531, 0.10177217492250978, 0.2391442268559807, 0.4794404206408531]
[0.90954131655403, -0.23275099568660362, -0.32288394982695756, 0.067401764019559, 0.1779121710889564, -0.9185684635764857]
[0.4374321239690504, 0.13967370732717033, -0.5419735136569348, -0.7312588994527469, 0.29757272313561955, -0.4173591269306276]
[0.907498261166495, 0.15475198656440536, -0.584623010886498, -0.9206736636563351, 0.08543621622787434, 0.09366167938638092]
[1.5485641697837726, -0.7344075551207085, -1.2304863326973892, -0.551972128853806, -0.2563455597903608, -0.10184906511190306]
[1.0988583263887186, 0.1775476176293589, -0.9873983931926955, 0.1271372710856422, 0.8302191277957061, 0.26792235915789053]
[0.35863385602117326, -0.3201732300133542, -0.29753632285509646, -0.8247803589722214, 0.638264774293118, 1.019750586330015]
[1.019750586330015, -0.07806339603814161, -0.3898316208238106, -0.2120752501491019, -0.2033884087158655, 0.9768476834405293]
[0.9886202162251445, 0.1497302952485846, -0.44822536852026085, -0.26591461795627547, 0.4226465299703053, 0.4413799046621314]
[0.805502444178785, 0.46763155264422096, -0.33518427765883985, -0.5218380116402188, 0.27916391825502096, 0.11690042821561608]
[0.8753345079312025, -0.32798297386377184, 0.05090112725845142, -0.3399900781191456, 0.042113596705495304, 0.33367572336886475]
[1.3986332519026812, -0.9781939220090186, -1.0477944512183424, -0.5569247387685716, -0.009653820013244552, -0.12966698660300535]
[0.4935963763336604, 0.0493927118309756, -0.4094928431470968, -0.24318489142922672, 0.17521907973379047, -0.017081787957773376]
[0.9348143711590318, 0.3871752264984485, 0.024675464840751005, -1.345147816798964, 0.2908325458965022, 0.6097634252235196]
[0.7545967474857918, 0.4974544770415257, -0.6152516278222664, -0.55719125780892, 0.4576713719873782, -0.21137596072823284]
[0.6274821933590191, -0.13789595313844494, -0.19159632229287515, -0.37843921728093477, 0.3798768201457303, 0.5268809311455902]
[0.9490087025812999, -0.03501367384702858, -0.1627752831708129, -0.036032414332187734, 0.661763895191525, -0.30685508135464]
[0.661763895191525, -0.30685508135464, -0.4766237771259729, 0.03492116615053664, 0.42842436290300157, -0.377693292288539]
[0.5439666364406293, 0.026409565409135638, -0.7996826272971491, -0.08064248286944187, 0.33202797285585284, 0.376515917344844]
B vector:
[1.6085788331083064,-0.0518004411331483,-0.6413941226817417,-0.8585278694831779,0.6172863137371993]
τ value:
1.4
% of positive vtarget:
53.10
% of negative vtarget:
46.90

-------------------------------
